inbound_pkt_count,outbound_pkt_count,total_pkt_count,inbound_pkt_percent,outbound_pkt_percent,inbound_bytes,outbound_bytes,duration,interaction_pattern_0,interaction_pattern_1,interaction_pattern_2,interaction_pattern_3,interaction_pattern_4,interaction_pattern_5,interaction_pattern_6,interaction_pattern_7,interaction_pattern_8,interaction_pattern_9,interaction_pattern_10,interaction_pattern_11,interaction_pattern_12,interaction_pattern_13,interaction_pattern_14,interaction_pattern_15,interaction_pattern_16,interaction_pattern_17,interaction_pattern_18,interaction_pattern_19,pkt_rate_mean,pkt_rate_max,pkt_rate_min,pkt_rate_median,pkt_rate_std,bidirectional_interval_mean,bidirectional_interval_max,bidirectional_interval_min,bidirectional_interval_std,bidirectional_rel_time_p10,bidirectional_rel_time_p20,bidirectional_rel_time_p30,bidirectional_rel_time_p40,bidirectional_rel_time_p50,bidirectional_rel_time_p60,bidirectional_rel_time_p70,bidirectional_rel_time_p80,bidirectional_rel_time_p90,inbound_interval_mean,inbound_interval_max,inbound_interval_min,inbound_interval_std,inbound_rel_time_p10,inbound_rel_time_p20,inbound_rel_time_p30,inbound_rel_time_p40,inbound_rel_time_p50,inbound_rel_time_p60,inbound_rel_time_p70,inbound_rel_time_p80,inbound_rel_time_p90,outbound_interval_mean,outbound_interval_max,outbound_interval_min,outbound_interval_std,outbound_rel_time_p10,outbound_rel_time_p20,outbound_rel_time_p30,outbound_rel_time_p40,outbound_rel_time_p50,outbound_rel_time_p60,outbound_rel_time_p70,outbound_rel_time_p80,outbound_rel_time_p90,bidirectional_size_mean,bidirectional_size_max,bidirectional_size_min,bidirectional_size_mad,bidirectional_size_std,bidirectional_size_var,bidirectional_size_skew,bidirectional_size_kurtosis,bidirectional_size_p10,bidirectional_size_p20,bidirectional_size_p30,bidirectional_size_p40,bidirectional_size_p50,bidirectional_size_p60,bidirectional_size_p70,bidirectional_size_p80,bidirectional_size_p90,inbound_size_mean,inbound_size_max,inbound_size_min,inbound_size_mad,inbound_size_std,inbound_size_var,inbound_size_skew,inbound_size_kurtosis,inbound_size_p10,inbound_size_p20,inbound_size_p30,inbound_size_p40,inbound_size_p50,inbound_size_p60,inbound_size_p70,inbound_size_p80,inbound_size_p90,outbound_size_mean,outbound_size_max,outbound_size_min,outbound_size_mad,outbound_size_std,outbound_size_var,outbound_size_skew,outbound_size_kurtosis,outbound_size_p10,outbound_size_p20,outbound_size_p30,outbound_size_p40,outbound_size_p50,outbound_size_p60,outbound_size_p70,outbound_size_p80,outbound_size_p90,protocol,flow_key,pcap_file
0,51,51,0.0,1.0,0,38987,12.955069780349731,1,3,6,8,11,13,16,18,21,23,26,29,31,34,36,39,41,44,46,49,3.923076923076923,29,0,1.0,7.529036494302865,0.25910139560699463,5.476192951202393,0.0,0.8570391183101227,0.3584308624267578,0.4802868366241455,0.4802868366241455,0.4802868366241455,0.6343028545379639,1.751098871231079,2.312915802001953,3.58306884765625,9.727805852890015,0.0,0.0,0.0,0.0,0.0,0.0,0.0,0.0,0.0,0.0,0.0,0.0,0.0,0.25910139560699463,5.476192951202393,0.0,0.8570391183101227,0.3584308624267578,0.4802868366241455,0.4802868366241455,0.4802868366241455,0.6343028545379639,1.751098871231079,2.312915802001953,3.58306884765625,9.727805852890015,764.4509803921569,1466,85,488.2156862745098,556.3852986359854,309564.6005382546,0.20658030009155576,-1.5976178132388128,127.0,127.0,317.0,493.0,736.0,736.0,1466.0,1466.0,1466.0,0.0,0,0,0.0,0.0,0.0,0.0,0.0,0.0,0.0,0.0,0.0,0.0,0.0,0.0,0.0,0.0,764.4509803921569,1466,85,488.2156862745098,556.3852986359854,309564.6005382546,0.20658030009155576,-1.5976178132388128,127.0,127.0,317.0,493.0,736.0,736.0,1466.0,1466.0,1466.0,TCP,"('192.168.137.162', '183.2.150.90', 52304, 27101, 'TCP')",Youtube22.pcap
0,30,30,0.0,1.0,0,6487,12.952605962753296,1,2,4,5,7,8,10,11,13,14,16,17,19,20,22,23,25,26,28,29,2.3076923076923075,8,0,2.0,2.4925925763107157,0.4466415849225274,2.802055835723877,0.05608701705932617,0.7131981389054615,0.2652128696441651,0.4417585372924805,2.361778283119201,3.1484395027160645,5.152461528778076,7.25451169013977,7.505915021896362,7.748301649093628,9.738007354736329,0.0,0.0,0.0,0.0,0.0,0.0,0.0,0.0,0.0,0.0,0.0,0.0,0.0,0.4466415849225274,2.802055835723877,0.05608701705932617,0.7131981389054615,0.2652128696441651,0.4417585372924805,2.361778283119201,3.1484395027160645,5.152461528778076,7.25451169013977,7.505915021896362,7.748301649093628,9.738007354736329,216.23333333333332,703,90,88.43333333333334,131.27088616885143,17232.045555555553,2.2882607488564433,5.468823370095196,127.0,127.0,127.0,128.8,194.0,235.4,238.0,263.0,296.0,0.0,0,0,0.0,0.0,0.0,0.0,0.0,0.0,0.0,0.0,0.0,0.0,0.0,0.0,0.0,0.0,216.23333333333332,703,90,88.43333333333334,131.27088616885143,17232.045555555553,2.2882607488564433,5.468823370095196,127.0,127.0,127.0,128.8,194.0,235.4,238.0,263.0,296.0,TCP,"('192.168.137.162', '183.2.150.90', 52305, 27101, 'TCP')",Youtube22.pcap
0,7,7,0.0,1.0,0,2952,0.4508640766143799,1,1,1,2,2,2,3,3,3,4,4,4,5,5,5,6,6,6,7,7,7.0,7,7,7.0,0.0,0.07514401276906331,0.1503298282623291,0.056136131286621094,0.033906957618895256,0.0400554656982422,0.07802472114562989,0.11182155609130859,0.18321909904479985,0.27341699600219727,0.30713701248168945,0.3408442497253418,0.3745259284973145,0.41179752349853516,0.0,0.0,0.0,0.0,0.0,0.0,0.0,0.0,0.0,0.0,0.0,0.0,0.0,0.07514401276906331,0.1503298282623291,0.056136131286621094,0.033906957618895256,0.0400554656982422,0.07802472114562989,0.11182155609130859,0.18321909904479985,0.27341699600219727,0.30713701248168945,0.3408442497253418,0.3745259284973145,0.41179752349853516,421.7142857142857,1115,119,292.57142857142856,365.58825953551093,133654.77551020408,0.7829872481219797,-0.8508255647166512,123.8,127.6,129.4,138.8,152.0,410.59999999999985,611.5999999999999,697.4000000000001,881.6000000000001,0.0,0,0,0.0,0.0,0.0,0.0,0.0,0.0,0.0,0.0,0.0,0.0,0.0,0.0,0.0,0.0,421.7142857142857,1115,119,292.57142857142856,365.58825953551093,133654.77551020408,0.7829872481219797,-0.8508255647166512,123.8,127.6,129.4,138.8,152.0,410.59999999999985,611.5999999999999,697.4000000000001,881.6000000000001,TCP,"('192.168.137.162', '183.2.150.90', 52309, 27101, 'TCP')",Youtube22.pcap
0,7,7,0.0,1.0,0,2422,0.6056540012359619,1,1,1,2,2,2,3,3,3,4,4,4,5,5,5,6,6,6,7,7,7.0,7,7,7.0,0.0,0.10094233353932698,0.23573708534240723,0.05812406539916992,0.06190093918320979,0.043534755706787116,0.08418273925781251,0.11905717849731444,0.22497682571411143,0.36641907691955566,0.401343297958374,0.44106850624084465,0.4903956890106202,0.5463644504547119,0.0,0.0,0.0,0.0,0.0,0.0,0.0,0.0,0.0,0.0,0.0,0.0,0.0,0.10094233353932698,0.23573708534240723,0.05812406539916992,0.06190093918320979,0.043534755706787116,0.08418273925781251,0.11905717849731444,0.22497682571411143,0.36641907691955566,0.401343297958374,0.44106850624084465,0.4903956890106202,0.5463644504547119,346.0,713,119,214.57142857142858,246.22405592119898,60626.28571428572,0.3633638831444154,-1.735492955972496,123.8,127.6,129.4,145.20000000000002,168.0,416.39999999999986,582.2,582.8,635.0,0.0,0,0,0.0,0.0,0.0,0.0,0.0,0.0,0.0,0.0,0.0,0.0,0.0,0.0,0.0,0.0,346.0,713,119,214.57142857142858,246.22405592119898,60626.28571428572,0.3633638831444154,-1.735492955972496,123.8,127.6,129.4,145.20000000000002,168.0,416.39999999999986,582.2,582.8,635.0,TCP,"('192.168.137.162', '183.2.150.90', 52308, 27101, 'TCP')",Youtube22.pcap
0,3,3,0.0,1.0,0,285,4.009819984436035,1,1,1,1,1,1,1,2,2,2,2,2,2,2,3,3,3,3,3,3,0.6,1,0,1.0,0.48989794855663565,2.0049099922180176,3.004293918609619,1.005526065826416,0.9993839263916016,0.2011052131652832,0.4022104263305664,0.6033156394958497,0.8044208526611328,1.005526065826416,1.6063848495483397,2.2072436332702634,2.8081024169921878,3.4089612007141117,0.0,0.0,0.0,0.0,0.0,0.0,0.0,0.0,0.0,0.0,0.0,0.0,0.0,2.0049099922180176,3.004293918609619,1.005526065826416,0.9993839263916016,0.2011052131652832,0.4022104263305664,0.6033156394958497,0.8044208526611328,1.005526065826416,1.6063848495483397,2.2072436332702634,2.8081024169921878,3.4089612007141117,95.0,95,95,0.0,0.0,0.0,,0.0,95.0,95.0,95.0,95.0,95.0,95.0,95.0,95.0,95.0,0.0,0,0,0.0,0.0,0.0,0.0,0.0,0.0,0.0,0.0,0.0,0.0,0.0,0.0,0.0,0.0,95.0,95,95,0.0,0.0,0.0,,0.0,95.0,95.0,95.0,95.0,95.0,95.0,95.0,95.0,95.0,UDP,"('192.168.137.162', '224.0.0.251', 5353, 5353, 'UDP')",Youtube22.pcap
259,0,259,1.0,0.0,345122,0,12.950438976287842,-1,-13,-26,-39,-52,-65,-78,-91,-104,-117,-130,-143,-156,-169,-182,-195,-208,-221,-234,-247,19.923076923076923,95,0,0.0,30.416244491950067,0.05019549990809241,5.885784149169922,5.0067901611328125e-06,0.4213771272345082,0.6302670955657959,1.6121735095977783,1.64470534324646,1.6769291877746582,2.452641010284424,2.4722409725189207,2.5515298366546633,4.081735372543335,4.181664657592774,0.05019549990809241,5.885784149169922,5.0067901611328125e-06,0.4213771272345082,0.6302670955657959,1.6121735095977783,1.64470534324646,1.6769291877746582,2.452641010284424,2.4722409725189207,2.5515298366546633,4.081735372543335,4.181664657592774,0.0,0.0,0.0,0.0,0.0,0.0,0.0,0.0,0.0,0.0,0.0,0.0,0.0,1332.5173745173745,1466,88,133.48262548262548,370.59319385977903,137339.3153351918,-2.6306369022643112,5.2400722314044845,868.4000000000001,1466.0,1466.0,1466.0,1466.0,1466.0,1466.0,1466.0,1466.0,1332.5173745173745,1466,88,133.48262548262548,370.59319385977903,137339.3153351918,-2.6306369022643112,5.2400722314044845,868.4000000000001,1466.0,1466.0,1466.0,1466.0,1466.0,1466.0,1466.0,1466.0,0.0,0,0,0.0,0.0,0.0,0.0,0.0,0.0,0.0,0.0,0.0,0.0,0.0,0.0,0.0,0.0,TCP,"('183.2.150.90', '192.168.137.162', 27101, 52304, 'TCP')",Youtube22.pcap
219,0,219,1.0,0.0,294686,0,12.95230484008789,-1,-11,-22,-33,-44,-55,-66,-77,-88,-99,-110,-121,-132,-143,-154,-165,-176,-187,-198,-209,16.846153846153847,99,0,6.0,26.99528777639123,0.05941424238572427,2.864210844039917,5.0067901611328125e-06,0.3291818975849204,1.8510828495025635,2.5582549571990967,3.8035340309143066,3.832578754425049,6.416122913360596,7.234890460968018,7.3746003150939945,7.3954683303833,7.6754309177398685,0.05941424238572427,2.864210844039917,5.0067901611328125e-06,0.3291818975849204,1.8510828495025635,2.5582549571990967,3.8035340309143066,3.832578754425049,6.416122913360596,7.234890460968018,7.3746003150939945,7.3954683303833,7.6754309177398685,0.0,0.0,0.0,0.0,0.0,0.0,0.0,0.0,0.0,0.0,0.0,0.0,0.0,1345.5981735159817,1466,88,120.40182648401826,350.56082034903335,122892.88876378724,-2.772130527202086,6.0488709291422715,861.0,1466.0,1466.0,1466.0,1466.0,1466.0,1466.0,1466.0,1466.0,1345.5981735159817,1466,88,120.40182648401826,350.56082034903335,122892.88876378724,-2.772130527202086,6.0488709291422715,861.0,1466.0,1466.0,1466.0,1466.0,1466.0,1466.0,1466.0,1466.0,0.0,0,0,0.0,0.0,0.0,0.0,0.0,0.0,0.0,0.0,0.0,0.0,0.0,0.0,0.0,0.0,TCP,"('183.2.150.90', '192.168.137.162', 27101, 52305, 'TCP')",Youtube22.pcap
8,0,8,1.0,0.0,6057,0,0.3887779712677002,-1,-1,-1,-2,-2,-3,-3,-3,-4,-4,-5,-5,-5,-6,-6,-7,-7,-7,-8,-8,8.0,8,8,8.0,0.0,0.05553971018110003,0.20395278930664062,9.059906005859375e-06,0.06701366536766917,0.14276695251464844,0.20396766662597657,0.20399236679077148,0.2040090560913086,0.23743939399719238,0.2821665287017822,0.3217220067977905,0.36421046257019046,0.38877162933349607,0.05553971018110003,0.20395278930664062,9.059906005859375e-06,0.06701366536766917,0.14276695251464844,0.20396766662597657,0.20399236679077148,0.2040090560913086,0.23743939399719238,0.2821665287017822,0.3217220067977905,0.36421046257019046,0.38877162933349607,0.0,0.0,0.0,0.0,0.0,0.0,0.0,0.0,0.0,0.0,0.0,0.0,0.0,757.125,1466,119,400.125,475.06853124049377,225690.109375,0.10238739822349283,-1.4157152690998502,161.7,282.0,460.90000000000003,642.2,698.0,799.0000000000001,1138.4999999999998,1239.2,1331.6,757.125,1466,119,400.125,475.06853124049377,225690.109375,0.10238739822349283,-1.4157152690998502,161.7,282.0,460.90000000000003,642.2,698.0,799.0000000000001,1138.4999999999998,1239.2,1331.6,0.0,0,0,0.0,0.0,0.0,0.0,0.0,0.0,0.0,0.0,0.0,0.0,0.0,0.0,0.0,0.0,TCP,"('183.2.150.90', '192.168.137.162', 27101, 52309, 'TCP')",Youtube22.pcap
8,0,8,1.0,0.0,6454,0,0.5385730266571045,-1,-1,-1,-2,-2,-3,-3,-3,-4,-4,-5,-5,-5,-6,-6,-7,-7,-7,-8,-8,8.0,8,8,8.0,0.0,0.07693900380815778,0.2938990592956543,1.811981201171875e-05,0.10214754202812346,0.20572934150695804,0.2939189910888672,0.2939507007598877,0.2939633846282959,0.3706444501876831,0.45934710502624515,0.5014353513717651,0.5261019706726074,0.538548493385315,0.07693900380815778,0.2938990592956543,1.811981201171875e-05,0.10214754202812346,0.20572934150695804,0.2939189910888672,0.2939507007598877,0.2939633846282959,0.3706444501876831,0.45934710502624515,0.5014353513717651,0.5261019706726074,0.538548493385315,0.0,0.0,0.0,0.0,0.0,0.0,0.0,0.0,0.0,0.0,0.0,0.0,0.0,806.75,1466,119,476.75,538.0071444692904,289451.6875,0.22796161705754056,-1.636445982740429,209.3,322.8,443.3,501.40000000000003,627.0,882.0000000000001,1392.9999999999995,1466.0,1466.0,806.75,1466,119,476.75,538.0071444692904,289451.6875,0.22796161705754056,-1.636445982740429,209.3,322.8,443.3,501.40000000000003,627.0,882.0000000000001,1392.9999999999995,1466.0,1466.0,0.0,0,0,0.0,0.0,0.0,0.0,0.0,0.0,0.0,0.0,0.0,0.0,0.0,0.0,0.0,0.0,TCP,"('183.2.150.90', '192.168.137.162', 27101, 52308, 'TCP')",Youtube22.pcap
0,7,7,0.0,1.0,0,2694,0.4946160316467285,1,1,1,2,2,2,3,3,3,4,4,4,5,5,5,6,6,6,7,7,7.0,7,7,7.0,0.0,0.08243600527445476,0.133558988571167,0.05757904052734375,0.028937721742146098,0.04560899734497071,0.08753080368041993,0.12207822799682616,0.18701763153076176,0.2671530246734619,0.30312538146972656,0.33887233734130856,0.3741684913635254,0.42940673828125003,0.0,0.0,0.0,0.0,0.0,0.0,0.0,0.0,0.0,0.0,0.0,0.0,0.0,0.08243600527445476,0.133558988571167,0.05757904052734375,0.028937721742146098,0.04560899734497071,0.08753080368041993,0.12207822799682616,0.18701763153076176,0.2671530246734619,0.30312538146972656,0.33887233734130856,0.3741684913635254,0.42940673828125003,384.85714285714283,857,119,255.71428571428572,301.16508456868854,90700.40816326533,0.45821233117012766,-1.5872656537506364,123.8,127.6,129.4,138.8,152.0,410.59999999999985,611.5999999999999,697.4000000000001,778.4000000000001,0.0,0,0,0.0,0.0,0.0,0.0,0.0,0.0,0.0,0.0,0.0,0.0,0.0,0.0,0.0,0.0,384.85714285714283,857,119,255.71428571428572,301.16508456868854,90700.40816326533,0.45821233117012766,-1.5872656537506364,123.8,127.6,129.4,138.8,152.0,410.59999999999985,611.5999999999999,697.4000000000001,778.4000000000001,TCP,"('192.168.137.162', '183.2.150.90', 52311, 27101, 'TCP')",Youtube22.pcap
9,0,9,1.0,0.0,5823,0,0.43198585510253906,-1,-1,-1,-2,-2,-3,-3,-4,-4,-5,-5,-5,-6,-6,-7,-7,-8,-8,-9,-9,9.0,9,9,9.0,0.0,0.05399823188781738,0.19402098655700684,2.288818359375e-05,0.06540832622470355,0.15521678924560547,0.19404072761535646,0.19406552314758302,0.20853676795959475,0.26635193824768066,0.31488385200500485,0.3899604797363281,0.43193893432617186,0.43196754455566405,0.05399823188781738,0.19402098655700684,2.288818359375e-05,0.06540832622470355,0.15521678924560547,0.19404072761535646,0.19406552314758302,0.20853676795959475,0.26635193824768066,0.31488385200500485,0.3899604797363281,0.43193893432617186,0.43196754455566405,0.0,0.0,0.0,0.0,0.0,0.0,0.0,0.0,0.0,0.0,0.0,0.0,0.0,647.0,1466,119,392.1111111111111,471.36162102761165,222181.77777777778,0.38767880957219686,-1.1129588983843612,119.0,123.8,250.2,486.80000000000007,694.0,700.4,812.9999999999999,1041.8000000000002,1312.4,647.0,1466,119,392.1111111111111,471.36162102761165,222181.77777777778,0.38767880957219686,-1.1129588983843612,119.0,123.8,250.2,486.80000000000007,694.0,700.4,812.9999999999999,1041.8000000000002,1312.4,0.0,0,0,0.0,0.0,0.0,0.0,0.0,0.0,0.0,0.0,0.0,0.0,0.0,0.0,0.0,0.0,TCP,"('183.2.150.90', '192.168.137.162', 27101, 52311, 'TCP')",Youtube22.pcap
0,27,27,0.0,1.0,0,18023,12.409568786621094,1,2,3,5,6,7,9,10,11,13,14,15,17,18,19,21,22,23,25,26,2.076923076923077,13,0,0.0,3.6260073075054384,0.4772911071777344,4.968106031417847,0.0,1.1746074475541715,0.2973654747009278,0.41600780487060546,0.7227915287017822,0.8593599796295166,1.0757548809051514,1.1197006702423096,6.261803913116455,6.450671577453614,9.675970792770386,0.0,0.0,0.0,0.0,0.0,0.0,0.0,0.0,0.0,0.0,0.0,0.0,0.0,0.4772911071777344,4.968106031417847,0.0,1.1746074475541715,0.2973654747009278,0.41600780487060546,0.7227915287017822,0.8593599796295166,1.0757548809051514,1.1197006702423096,6.261803913116455,6.450671577453614,9.675970792770386,667.5185185185185,1466,90,394.962962962963,492.28961442618237,242349.06447187928,0.46320212518530124,-1.0334272324287388,127.0,127.0,147.6,533.2,713.0,736.0,745.1999999999999,1287.2000000000005,1466.0,0.0,0,0,0.0,0.0,0.0,0.0,0.0,0.0,0.0,0.0,0.0,0.0,0.0,0.0,0.0,0.0,667.5185185185185,1466,90,394.962962962963,492.28961442618237,242349.06447187928,0.46320212518530124,-1.0334272324287388,127.0,127.0,147.6,533.2,713.0,736.0,745.1999999999999,1287.2000000000005,1466.0,TCP,"('192.168.137.162', '183.2.150.90', 52313, 27101, 'TCP')",Youtube22.pcap
16,0,16,1.0,0.0,9257,0,12.410336017608643,-1,-1,-2,-3,-4,-5,-5,-6,-7,-8,-9,-9,-10,-11,-12,-13,-13,-14,-15,-16,1.2307692307692308,9,0,0.0,2.4854606802159247,0.8273557345072429,5.188755989074707,1.3113021850585938e-05,1.5315578535440728,0.3135690689086914,0.31359314918518066,0.4903355836868286,0.6670401096343994,0.7409515380859375,1.0120580196380615,1.1208361387252808,1.229612112045288,8.09086263179779,0.8273557345072429,5.188755989074707,1.3113021850585938e-05,1.5315578535440728,0.3135690689086914,0.31359314918518066,0.4903355836868286,0.6670401096343994,0.7409515380859375,1.0120580196380615,1.1208361387252808,1.229612112045288,8.09086263179779,0.0,0.0,0.0,0.0,0.0,0.0,0.0,0.0,0.0,0.0,0.0,0.0,0.0,578.5625,1466,90,412.0625,516.6944175175014,266973.12109375,0.8197508901105308,-0.9700906875226161,123.0,158.0,180.0,228.0,335.0,435.0,712.0,1248.0,1466.0,578.5625,1466,90,412.0625,516.6944175175014,266973.12109375,0.8197508901105308,-0.9700906875226161,123.0,158.0,180.0,228.0,335.0,435.0,712.0,1248.0,1466.0,0.0,0,0,0.0,0.0,0.0,0.0,0.0,0.0,0.0,0.0,0.0,0.0,0.0,0.0,0.0,0.0,TCP,"('183.2.150.90', '192.168.137.162', 27101, 52313, 'TCP')",Youtube22.pcap
0,6,6,0.0,1.0,0,2354,0.677696943283081,1,1,1,1,2,2,2,3,3,3,4,4,4,4,5,5,5,6,6,6,6.0,6,6,6.0,0.0,0.13553938865661622,0.34623098373413086,0.05449795722961426,0.11209018735332878,0.03258645534515381,0.06517291069030762,0.09242188930511475,0.11967086791992188,0.19800090789794922,0.27633094787597656,0.3038984537124634,0.3314659595489502,0.5045814514160156,0.0,0.0,0.0,0.0,0.0,0.0,0.0,0.0,0.0,0.0,0.0,0.0,0.0,0.13553938865661622,0.34623098373413086,0.05449795722961426,0.11209018735332878,0.03258645534515381,0.06517291069030762,0.09242188930511475,0.11967086791992188,0.19800090789794922,0.27633094787597656,0.3038984537124634,0.3314659595489502,0.5045814514160156,392.3333333333333,706,130,254.66666666666666,257.24221184625895,66173.55555555556,0.05402282982536972,-1.9234683167268203,130.5,131.0,141.5,152.0,367.5,583.0,617.5,652.0,679.0,0.0,0,0,0.0,0.0,0.0,0.0,0.0,0.0,0.0,0.0,0.0,0.0,0.0,0.0,0.0,0.0,392.3333333333333,706,130,254.66666666666666,257.24221184625895,66173.55555555556,0.05402282982536972,-1.9234683167268203,130.5,131.0,141.5,152.0,367.5,583.0,617.5,652.0,679.0,TCP,"('192.168.137.162', '183.2.150.90', 52315, 27101, 'TCP')",Youtube22.pcap
8,0,8,1.0,0.0,5751,0,0.6341152191162109,-1,-1,-1,-2,-2,-3,-3,-3,-4,-4,-5,-5,-5,-6,-6,-7,-7,-7,-8,-8,8.0,8,8,8.0,0.0,0.09058788844517299,0.3300299644470215,2.6941299438476562e-05,0.11792182694587033,0.1437170743942261,0.20534052848815917,0.20538885593414308,0.20540771484375,0.37042808532714844,0.5442380905151367,0.5750206708908081,0.6029309272766114,0.6232588291168213,0.09058788844517299,0.3300299644470215,2.6941299438476562e-05,0.11792182694587033,0.1437170743942261,0.20534052848815917,0.20538885593414308,0.20540771484375,0.37042808532714844,0.5442380905151367,0.5750206708908081,0.6029309272766114,0.6232588291168213,0.0,0.0,0.0,0.0,0.0,0.0,0.0,0.0,0.0,0.0,0.0,0.0,0.0,718.875,1466,108,521.625,575.7200790097563,331453.609375,0.2528771878943826,-1.6815300565410856,115.7,122.2,157.8,373.4000000000001,568.5,827.2000000000002,1265.3999999999996,1410.8000000000002,1466.0,718.875,1466,108,521.625,575.7200790097563,331453.609375,0.2528771878943826,-1.6815300565410856,115.7,122.2,157.8,373.4000000000001,568.5,827.2000000000002,1265.3999999999996,1410.8000000000002,1466.0,0.0,0,0,0.0,0.0,0.0,0.0,0.0,0.0,0.0,0.0,0.0,0.0,0.0,0.0,0.0,0.0,TCP,"('183.2.150.90', '192.168.137.162', 27101, 52315, 'TCP')",Youtube22.pcap
0,7,7,0.0,1.0,0,2660,0.5953290462493896,1,1,1,2,2,2,3,3,3,4,4,4,5,5,5,6,6,6,7,7,7.0,7,7,7.0,0.0,0.09922150770823161,0.18455004692077637,0.04295492172241211,0.048416233467820556,0.043805408477783206,0.08382740020751954,0.1162825584411621,0.17540655136108402,0.2478649616241455,0.35859498977661125,0.4410059928894043,0.4667789459228516,0.5233535766601562,0.0,0.0,0.0,0.0,0.0,0.0,0.0,0.0,0.0,0.0,0.0,0.0,0.0,0.09922150770823161,0.18455004692077637,0.04295492172241211,0.048416233467820556,0.043805408477783206,0.08382740020751954,0.1162825584411621,0.17540655136108402,0.2478649616241455,0.35859498977661125,0.4410059928894043,0.4667789459228516,0.5233535766601562,380.0,823,119,250.85714285714286,293.6927451801092,86255.42857142857,0.4244913048563669,-1.6580262844859281,123.8,127.6,129.4,138.8,152.0,410.59999999999985,611.5999999999999,697.4000000000001,764.8000000000001,0.0,0,0,0.0,0.0,0.0,0.0,0.0,0.0,0.0,0.0,0.0,0.0,0.0,0.0,0.0,0.0,380.0,823,119,250.85714285714286,293.6927451801092,86255.42857142857,0.4244913048563669,-1.6580262844859281,123.8,127.6,129.4,138.8,152.0,410.59999999999985,611.5999999999999,697.4000000000001,764.8000000000001,TCP,"('192.168.137.162', '183.2.150.90', 52317, 27101, 'TCP')",Youtube22.pcap
7,0,7,1.0,0.0,5868,0,0.537761926651001,-1,-1,-1,-2,-2,-2,-3,-3,-3,-4,-4,-4,-5,-5,-5,-6,-6,-6,-7,-7,7.0,7,7,7.0,0.0,0.08962698777516682,0.20950603485107422,9.059906005859375e-06,0.07859878170766839,0.0988506317138672,0.1647566318511963,0.1647733688354492,0.16478257179260253,0.16478800773620605,0.2904916286468505,0.3864742279052734,0.42301478385925295,0.4762217521667481,0.08962698777516682,0.20950603485107422,9.059906005859375e-06,0.07859878170766839,0.0988506317138672,0.1647566318511963,0.1647733688354492,0.16478257179260253,0.16478800773620605,0.2904916286468505,0.3864742279052734,0.42301478385925295,0.4762217521667481,0.0,0.0,0.0,0.0,0.0,0.0,0.0,0.0,0.0,0.0,0.0,0.0,0.0,838.2857142857143,1466,119,381.14285714285717,450.0341937122157,202530.77551020408,-0.1164342151280828,-1.2608917748744923,308.6,487.00000000000006,643.0,697.8,702.0,986.9999999999998,1196.3999999999999,1254.6000000000001,1350.8000000000002,838.2857142857143,1466,119,381.14285714285717,450.0341937122157,202530.77551020408,-0.1164342151280828,-1.2608917748744923,308.6,487.00000000000006,643.0,697.8,702.0,986.9999999999998,1196.3999999999999,1254.6000000000001,1350.8000000000002,0.0,0,0,0.0,0.0,0.0,0.0,0.0,0.0,0.0,0.0,0.0,0.0,0.0,0.0,0.0,0.0,TCP,"('183.2.150.90', '192.168.137.162', 27101, 52317, 'TCP')",Youtube22.pcap
0,7,7,0.0,1.0,0,2465,0.5334179401397705,1,1,1,2,2,2,3,3,3,4,4,4,5,5,5,6,6,6,7,7,7.0,7,7,7.0,0.0,0.08890299002329509,0.13905596733093262,0.05997204780578613,0.030997244643225317,0.04675254821777344,0.0899153232574463,0.12589855194091795,0.18760418891906744,0.26217103004455566,0.30205540657043456,0.34178838729858396,0.38121857643127444,0.449984359741211,0.0,0.0,0.0,0.0,0.0,0.0,0.0,0.0,0.0,0.0,0.0,0.0,0.0,0.08890299002329509,0.13905596733093262,0.05997204780578613,0.030997244643225317,0.04675254821777344,0.0899153232574463,0.12589855194091795,0.18760418891906744,0.26217103004455566,0.30205540657043456,0.34178838729858396,0.38121857643127444,0.449984359741211,352.14285714285717,706,119,223.0,256.48471331302636,65784.40816326531,0.3339650041985856,-1.820043486523383,123.8,127.6,129.4,138.8,152.0,410.59999999999985,596.0,635.0,671.2,0.0,0,0,0.0,0.0,0.0,0.0,0.0,0.0,0.0,0.0,0.0,0.0,0.0,0.0,0.0,0.0,352.14285714285717,706,119,223.0,256.48471331302636,65784.40816326531,0.3339650041985856,-1.820043486523383,123.8,127.6,129.4,138.8,152.0,410.59999999999985,596.0,635.0,671.2,TCP,"('192.168.137.162', '183.2.150.90', 52319, 27101, 'TCP')",Youtube22.pcap
0,8,8,0.0,1.0,0,2863,11.443793773651123,1,1,1,2,2,3,3,3,4,4,5,5,5,6,6,7,7,7,8,8,0.6666666666666666,7,0,0.0,1.9293061504650373,1.6348276819501604,10.642153978347778,0.05602002143859863,3.6789038764881883,0.05045876502990723,0.09469470977783204,0.14611985683441164,0.2686829090118409,0.33171093463897705,0.37114291191101073,0.41111979484558103,0.6477161884307864,3.9942859888076763,0.0,0.0,0.0,0.0,0.0,0.0,0.0,0.0,0.0,0.0,0.0,0.0,0.0,1.6348276819501604,10.642153978347778,0.05602002143859863,3.6789038764881883,0.05045876502990723,0.09469470977783204,0.14611985683441164,0.2686829090118409,0.33171093463897705,0.37114291191101073,0.41111979484558103,0.6477161884307864,3.9942859888076763,357.875,939,90,241.375,315.85931896178084,99767.109375,0.7561263836710068,-1.114647397152671,110.3,122.2,127.3,129.4,141.0,238.20000000000007,539.8999999999997,667.0000000000001,787.8,0.0,0,0,0.0,0.0,0.0,0.0,0.0,0.0,0.0,0.0,0.0,0.0,0.0,0.0,0.0,0.0,357.875,939,90,241.375,315.85931896178084,99767.109375,0.7561263836710068,-1.114647397152671,110.3,122.2,127.3,129.4,141.0,238.20000000000007,539.8999999999997,667.0000000000001,787.8,TCP,"('192.168.137.162', '183.2.150.90', 52321, 27101, 'TCP')",Youtube22.pcap
32,0,32,1.0,0.0,38161,0,0.47041893005371094,-1,-2,-4,-5,-7,-9,-10,-12,-13,-15,-17,-18,-20,-21,-23,-25,-26,-28,-29,-31,32.0,32,32,32.0,0.0,0.015174804195280998,0.1717219352722168,5.0067901611328125e-06,0.04117772451261918,0.18760590553283693,0.39443674087524416,0.3954961061477661,0.3997030735015869,0.4067329168319702,0.41349053382873535,0.44823508262634276,0.45618205070495604,0.4652191400527954,0.015174804195280998,0.1717219352722168,5.0067901611328125e-06,0.04117772451261918,0.18760590553283693,0.39443674087524416,0.3954961061477661,0.3997030735015869,0.4067329168319702,0.41349053382873535,0.44823508262634276,0.45618205070495604,0.4652191400527954,0.0,0.0,0.0,0.0,0.0,0.0,0.0,0.0,0.0,0.0,0.0,0.0,0.0,1192.53125,1466,88,273.46875,488.2867999684586,238423.9990234375,-1.346033447379904,0.052208427759183884,399.9,705.4,1466.0,1466.0,1466.0,1466.0,1466.0,1466.0,1466.0,1192.53125,1466,88,273.46875,488.2867999684586,238423.9990234375,-1.346033447379904,0.052208427759183884,399.9,705.4,1466.0,1466.0,1466.0,1466.0,1466.0,1466.0,1466.0,0.0,0,0,0.0,0.0,0.0,0.0,0.0,0.0,0.0,0.0,0.0,0.0,0.0,0.0,0.0,0.0,TCP,"('183.2.150.90', '192.168.137.162', 27101, 52319, 'TCP')",Youtube22.pcap
10,0,10,1.0,0.0,5461,0,11.445082187652588,-1,-1,-2,-2,-3,-3,-4,-4,-5,-5,-6,-6,-7,-7,-8,-8,-9,-9,-10,-10,0.8333333333333334,9,0,0.0,2.4776781245530834,1.2716757986280653,10.711775064468384,5.9604644775390625e-06,3.3397924003793866,0.20674896240234375,0.22973709106445311,0.2297452688217163,0.2733599185943604,0.3305366039276123,0.5077748775482176,0.7320159196853637,0.7332743167877197,1.8044846296310386,1.2716757986280653,10.711775064468384,5.9604644775390625e-06,3.3397924003793866,0.20674896240234375,0.22973709106445311,0.2297452688217163,0.2733599185943604,0.3305366039276123,0.5077748775482176,0.7320159196853637,0.7332743167877197,1.8044846296310386,0.0,0.0,0.0,0.0,0.0,0.0,0.0,0.0,0.0,0.0,0.0,0.0,0.0,546.1,1466,90,368.1,499.1862277747654,249186.88999999998,0.9916472284357633,-0.46555858862706634,116.1,119.0,124.6,311.8,435.0,461.79999999999995,562.0,854.8000000000002,1466.0,546.1,1466,90,368.1,499.1862277747654,249186.88999999998,0.9916472284357633,-0.46555858862706634,116.1,119.0,124.6,311.8,435.0,461.79999999999995,562.0,854.8000000000002,1466.0,0.0,0,0,0.0,0.0,0.0,0.0,0.0,0.0,0.0,0.0,0.0,0.0,0.0,0.0,0.0,0.0,TCP,"('183.2.150.90', '192.168.137.162', 27101, 52321, 'TCP')",Youtube22.pcap
0,25,25,0.0,1.0,0,5675,11.056880950927734,1,2,3,4,6,7,8,9,11,12,13,14,16,17,18,19,21,22,23,24,2.0833333333333335,9,0,0.5,2.9285472318009296,0.46070337295532227,2.7181718349456787,0.05556297302246094,0.7811855610597599,0.19660563468933112,0.400505542755127,1.1713086128234862,1.9433496475219727,3.2576379776000977,5.356381320953369,5.524699544906616,5.665592336654663,7.220994853973393,0.0,0.0,0.0,0.0,0.0,0.0,0.0,0.0,0.0,0.0,0.0,0.0,0.0,0.46070337295532227,2.7181718349456787,0.05556297302246094,0.7811855610597599,0.19660563468933112,0.400505542755127,1.1713086128234862,1.9433496475219727,3.2576379776000977,5.356381320953369,5.524699544906616,5.665592336654663,7.220994853973393,227.0,705,90,102.36,162.41625534410034,26379.04,1.7628853669042042,1.829249935259619,127.0,127.0,127.0,127.0,152.0,208.0,218.39999999999998,223.4,519.4000000000001,0.0,0,0,0.0,0.0,0.0,0.0,0.0,0.0,0.0,0.0,0.0,0.0,0.0,0.0,0.0,0.0,227.0,705,90,102.36,162.41625534410034,26379.04,1.7628853669042042,1.829249935259619,127.0,127.0,127.0,127.0,152.0,208.0,218.39999999999998,223.4,519.4000000000001,TCP,"('192.168.137.162', '183.2.150.90', 52325, 27101, 'TCP')",Youtube22.pcap
0,14,14,0.0,1.0,0,6335,11.056849956512451,1,1,2,3,3,4,5,5,6,7,8,8,9,10,10,11,12,12,13,14,1.1666666666666667,7,0,0.0,2.1147629234082537,0.850526919731727,4.064536809921265,0.05630993843078613,1.3247898951242605,0.09402115345001222,0.23594269752502445,0.3555466175079346,0.43828487396240234,1.8548275232315063,3.336992692947388,6.2417456865310665,6.561271810531617,6.954459095001221,0.0,0.0,0.0,0.0,0.0,0.0,0.0,0.0,0.0,0.0,0.0,0.0,0.0,0.850526919731727,4.064536809921265,0.05630993843078613,1.3247898951242605,0.09402115345001222,0.23594269752502445,0.3555466175079346,0.43828487396240234,1.8548275232315063,3.336992692947388,6.2417456865310665,6.561271810531617,6.954459095001221,452.5,1292,90,331.5,417.19415658145823,174050.9642857143,0.7903576497887539,-0.9066754797469279,121.4,127.0,127.0,127.6,141.0,496.79999999999995,623.3,844.6000000000001,1077.6000000000001,0.0,0,0,0.0,0.0,0.0,0.0,0.0,0.0,0.0,0.0,0.0,0.0,0.0,0.0,0.0,0.0,452.5,1292,90,331.5,417.19415658145823,174050.9642857143,0.7903576497887539,-0.9066754797469279,121.4,127.0,127.0,127.6,141.0,496.79999999999995,623.3,844.6000000000001,1077.6000000000001,TCP,"('192.168.137.162', '183.2.150.90', 52323, 27101, 'TCP')",Youtube22.pcap
154,0,154,1.0,0.0,202272,0,11.057775020599365,-1,-8,-16,-24,-31,-39,-47,-54,-62,-70,-78,-85,-93,-101,-108,-116,-124,-131,-139,-147,12.833333333333334,104,0,0.5,28.37203239498754,0.07227303935032264,2.7790069580078125,5.0067901611328125e-06,0.36271544451442334,1.160506820678711,3.2105441093444824,3.2394358634948732,3.27800612449646,3.301941990852356,3.319028043746948,3.3307670831680296,3.3426401138305666,5.53897635936737,0.07227303935032264,2.7790069580078125,5.0067901611328125e-06,0.36271544451442334,1.160506820678711,3.2105441093444824,3.2394358634948732,3.27800612449646,3.301941990852356,3.319028043746948,3.3307670831680296,3.3426401138305666,5.53897635936737,0.0,0.0,0.0,0.0,0.0,0.0,0.0,0.0,0.0,0.0,0.0,0.0,0.0,1313.4545454545455,1466,90,152.54545454545453,376.78465534747147,141966.67650531285,-2.388831464075454,4.211831230593762,688.7,1466.0,1466.0,1466.0,1466.0,1466.0,1466.0,1466.0,1466.0,1313.4545454545455,1466,90,152.54545454545453,376.78465534747147,141966.67650531285,-2.388831464075454,4.211831230593762,688.7,1466.0,1466.0,1466.0,1466.0,1466.0,1466.0,1466.0,1466.0,0.0,0,0,0.0,0.0,0.0,0.0,0.0,0.0,0.0,0.0,0.0,0.0,0.0,0.0,0.0,0.0,TCP,"('183.2.150.90', '192.168.137.162', 27101, 52325, 'TCP')",Youtube22.pcap
19,0,19,1.0,0.0,9826,0,11.057966947555542,-1,-1,-2,-3,-4,-5,-6,-7,-8,-9,-10,-11,-12,-13,-14,-15,-16,-17,-18,-19,1.5833333333333333,10,0,0.0,2.956865833201695,0.614331497086419,4.130218982696533,5.9604644775390625e-06,1.2419170012773637,0.2210998058319092,0.22156157493591308,0.2541859626770019,0.37846803665161133,0.45548200607299805,3.311475324630737,5.099153995513915,6.2922357559204105,6.925387239456176,0.614331497086419,4.130218982696533,5.9604644775390625e-06,1.2419170012773637,0.2210998058319092,0.22156157493591308,0.2541859626770019,0.37846803665161133,0.45548200607299805,3.311475324630737,5.099153995513915,6.2922357559204105,6.925387239456176,0.0,0.0,0.0,0.0,0.0,0.0,0.0,0.0,0.0,0.0,0.0,0.0,0.0,517.1578947368421,1466,90,370.6842105263158,474.84947899395553,225482.02770083104,1.0326478359100275,-0.2496780540806105,119.0,123.8,138.99999999999997,158.0,435.0,471.59999999999997,646.0,805.0,1466.0,517.1578947368421,1466,90,370.6842105263158,474.84947899395553,225482.02770083104,1.0326478359100275,-0.2496780540806105,119.0,123.8,138.99999999999997,158.0,435.0,471.59999999999997,646.0,805.0,1466.0,0.0,0,0,0.0,0.0,0.0,0.0,0.0,0.0,0.0,0.0,0.0,0.0,0.0,0.0,0.0,0.0,TCP,"('183.2.150.90', '192.168.137.162', 27101, 52323, 'TCP')",Youtube22.pcap
0,8,8,0.0,1.0,0,2359,10.728209972381592,1,1,1,2,2,3,3,3,4,4,5,5,5,6,6,7,7,7,8,8,0.7272727272727273,7,0,0.0,2.004127971368055,1.5326014246259416,10.310149908065796,0.03375387191772461,3.583536183685533,0.051479482650756844,0.09656171798706055,0.14454231262207032,0.2387006759643555,0.29570960998535156,0.3325669288635254,0.3561946392059326,0.3946640491485596,3.511105036735533,0.0,0.0,0.0,0.0,0.0,0.0,0.0,0.0,0.0,0.0,0.0,0.0,0.0,1.5326014246259416,10.310149908065796,0.03375387191772461,3.583536183685533,0.051479482650756844,0.09656171798706055,0.14454231262207032,0.2387006759643555,0.29570960998535156,0.3325669288635254,0.3561946392059326,0.3946640491485596,3.511105036735533,294.875,718,90,180.125,237.21901141139594,56272.859375,0.7174940174381064,-1.2241075808986055,110.3,120.6,123.4,126.2,128.5,197.80000000000007,435.0999999999998,537.4000000000001,623.5,0.0,0,0,0.0,0.0,0.0,0.0,0.0,0.0,0.0,0.0,0.0,0.0,0.0,0.0,0.0,0.0,294.875,718,90,180.125,237.21901141139594,56272.859375,0.7174940174381064,-1.2241075808986055,110.3,120.6,123.4,126.2,128.5,197.80000000000007,435.0999999999998,537.4000000000001,623.5,TCP,"('192.168.137.162', '183.2.150.90', 52327, 27101, 'TCP')",Youtube22.pcap
11,0,11,1.0,0.0,9166,0,10.72991681098938,-1,-1,-2,-2,-3,-3,-4,-4,-5,-5,-6,-7,-7,-8,-8,-9,-9,-10,-10,-11,1.0,10,0,0.0,2.860387767736777,1.072991681098938,10.430640935897827,2.193450927734375e-05,3.1197694107559157,0.1972818374633789,0.1973400115966797,0.19819998741149902,0.19827699661254883,0.19829893112182617,0.2652099132537842,0.2652409076690674,0.2976818084716797,0.29927587509155273,1.072991681098938,10.430640935897827,2.193450927734375e-05,3.1197694107559157,0.1972818374633789,0.1973400115966797,0.19819998741149902,0.19827699661254883,0.19829893112182617,0.2652099132537842,0.2652409076690674,0.2976818084716797,0.29927587509155273,0.0,0.0,0.0,0.0,0.0,0.0,0.0,0.0,0.0,0.0,0.0,0.0,0.0,833.2727272727273,1466,90,473.8181818181818,532.4500985425925,283503.1074380165,-0.22165171562588745,-1.5788473815054842,119.0,158.0,435.0,645.0,1060.0,1068.0,1274.0,1385.0,1466.0,833.2727272727273,1466,90,473.8181818181818,532.4500985425925,283503.1074380165,-0.22165171562588745,-1.5788473815054842,119.0,158.0,435.0,645.0,1060.0,1068.0,1274.0,1385.0,1466.0,0.0,0,0,0.0,0.0,0.0,0.0,0.0,0.0,0.0,0.0,0.0,0.0,0.0,0.0,0.0,0.0,TCP,"('183.2.150.90', '192.168.137.162', 27101, 52327, 'TCP')",Youtube22.pcap
0,8,8,0.0,1.0,0,2774,10.648239850997925,1,1,1,2,2,3,3,3,4,4,5,5,5,6,6,7,7,7,8,8,0.7272727272727273,7,0,0.0,2.004127971368055,1.521177121571132,10.211269855499268,0.05508089065551758,3.5477999836487157,0.04518561363220215,0.08679933547973634,0.1331953287124634,0.22435846328735354,0.2793910503387451,0.3193932056427002,0.3579498291015625,0.4075651645660401,3.5003509521484357,0.0,0.0,0.0,0.0,0.0,0.0,0.0,0.0,0.0,0.0,0.0,0.0,0.0,1.521177121571132,10.211269855499268,0.05508089065551758,3.5477999836487157,0.04518561363220215,0.08679933547973634,0.1331953287124634,0.22435846328735354,0.2793910503387451,0.3193932056427002,0.3579498291015625,0.4075651645660401,3.5003509521484357,346.75,856,90,230.25,296.48429553688,87902.9375,0.6671093017602985,-1.3470774847565732,110.3,122.2,127.3,129.4,141.0,238.20000000000007,539.8999999999997,663.4000000000001,758.6999999999999,0.0,0,0,0.0,0.0,0.0,0.0,0.0,0.0,0.0,0.0,0.0,0.0,0.0,0.0,0.0,0.0,346.75,856,90,230.25,296.48429553688,87902.9375,0.6671093017602985,-1.3470774847565732,110.3,122.2,127.3,129.4,141.0,238.20000000000007,539.8999999999997,663.4000000000001,758.6999999999999,TCP,"('192.168.137.162', '183.2.150.90', 52329, 27101, 'TCP')",Youtube22.pcap
10,0,10,1.0,0.0,8242,0,10.647758960723877,-1,-1,-2,-2,-3,-3,-4,-4,-5,-5,-6,-6,-7,-7,-8,-8,-9,-9,-10,-10,0.9090909090909091,9,0,0.0,2.5745095015465993,1.1830843289693196,10.26897406578064,6.9141387939453125e-06,3.212846198142311,0.16632978916168212,0.18481888771057128,0.18482589721679688,0.18483219146728516,0.21710944175720215,0.2723339080810547,0.3283528804779053,0.37874808311462405,1.4056823015212976,1.1830843289693196,10.26897406578064,6.9141387939453125e-06,3.212846198142311,0.16632978916168212,0.18481888771057128,0.18482589721679688,0.18483219146728516,0.21710944175720215,0.2723339080810547,0.3283528804779053,0.37874808311462405,1.4056823015212976,0.0,0.0,0.0,0.0,0.0,0.0,0.0,0.0,0.0,0.0,0.0,0.0,0.0,824.2,1466,90,529.6,565.1523334464789,319397.16000000003,-0.13834274353206308,-1.679626817345585,116.1,125.4,342.5999999999999,595.2,911.5,1172.6,1314.8,1466.0,1466.0,824.2,1466,90,529.6,565.1523334464789,319397.16000000003,-0.13834274353206308,-1.679626817345585,116.1,125.4,342.5999999999999,595.2,911.5,1172.6,1314.8,1466.0,1466.0,0.0,0,0,0.0,0.0,0.0,0.0,0.0,0.0,0.0,0.0,0.0,0.0,0.0,0.0,0.0,0.0,TCP,"('183.2.150.90', '192.168.137.162', 27101, 52329, 'TCP')",Youtube22.pcap
0,17,17,0.0,1.0,0,15153,10.525932788848877,1,1,2,3,4,5,6,6,7,8,9,10,11,12,12,13,14,15,16,17,1.5454545454545454,16,0,0.0,4.5798697155672725,0.6578707993030548,10.333547830581665,0.0,2.4983754854423,0.09496674537658692,0.19238495826721191,0.19238495826721191,0.19238495826721191,0.19238495826721191,0.19238495826721191,0.19238495826721191,0.19238495826721191,0.19238495826721191,0.0,0.0,0.0,0.0,0.0,0.0,0.0,0.0,0.0,0.0,0.0,0.0,0.0,0.6578707993030548,10.333547830581665,0.0,2.4983754854423,0.09496674537658692,0.19238495826721191,0.19238495826721191,0.19238495826721191,0.19238495826721191,0.19238495826721191,0.19238495826721191,0.19238495826721191,0.19238495826721191,891.3529411764706,1466,90,438.1764705882353,516.8736267413547,267158.34602076124,-0.13336990658565906,-1.4514283671285106,143.2,382.20000000000005,696.6,736.0,736.0,1134.9999999999998,1466.0,1466.0,1466.0,0.0,0,0,0.0,0.0,0.0,0.0,0.0,0.0,0.0,0.0,0.0,0.0,0.0,0.0,0.0,0.0,891.3529411764706,1466,90,438.1764705882353,516.8736267413547,267158.34602076124,-0.13336990658565906,-1.4514283671285106,143.2,382.20000000000005,696.6,736.0,736.0,1134.9999999999998,1466.0,1466.0,1466.0,TCP,"('192.168.137.162', '183.2.150.90', 52331, 27101, 'TCP')",Youtube22.pcap
258,0,258,1.0,0.0,366966,0,10.52544617652893,-1,-13,-26,-39,-52,-65,-78,-91,-104,-117,-130,-142,-155,-168,-181,-194,-207,-220,-233,-246,23.454545454545453,257,0,0.0,73.85411127395763,0.04095504348843942,10.031065225601196,3.814697265625e-06,0.6244557317225026,0.2871253252029419,0.3578070640563965,0.3899681091308594,0.4160143852233887,0.4385415315628052,0.44933581352233887,0.4618078708648682,0.47349200248718265,0.4832378625869751,0.04095504348843942,10.031065225601196,3.814697265625e-06,0.6244557317225026,0.2871253252029419,0.3578070640563965,0.3899681091308594,0.4160143852233887,0.4385415315628052,0.44933581352233887,0.4618078708648682,0.47349200248718265,0.4832378625869751,0.0,0.0,0.0,0.0,0.0,0.0,0.0,0.0,0.0,0.0,0.0,0.0,0.0,1422.3488372093022,1466,90,43.651162790697676,212.32604922811154,45082.35118081845,-5.021028936689923,24.205252489062616,1466.0,1466.0,1466.0,1466.0,1466.0,1466.0,1466.0,1466.0,1466.0,1422.3488372093022,1466,90,43.651162790697676,212.32604922811154,45082.35118081845,-5.021028936689923,24.205252489062616,1466.0,1466.0,1466.0,1466.0,1466.0,1466.0,1466.0,1466.0,1466.0,0.0,0,0,0.0,0.0,0.0,0.0,0.0,0.0,0.0,0.0,0.0,0.0,0.0,0.0,0.0,0.0,TCP,"('183.2.150.90', '192.168.137.162', 27101, 52331, 'TCP')",Youtube22.pcap
0,12,12,0.0,1.0,0,8779,10.312752962112427,1,1,2,2,3,4,4,5,5,6,7,7,8,8,9,10,10,11,11,12,1.0909090909090908,6,0,0.0,2.1086206372260365,0.9375229965556752,6.836136817932129,0.0,2.078321074639336,0.06891460418701173,0.13302388191223147,0.2071662664413452,1.5385212898254406,3.476616144180298,3.476616144180298,3.476616144180298,3.476616144180298,3.476616144180298,0.0,0.0,0.0,0.0,0.0,0.0,0.0,0.0,0.0,0.0,0.0,0.0,0.0,0.9375229965556752,6.836136817932129,0.0,2.078321074639336,0.06891460418701173,0.13302388191223147,0.2071662664413452,1.5385212898254406,3.476616144180298,3.476616144180298,3.476616144180298,3.476616144180298,3.476616144180298,731.5833333333334,1466,90,367.5833333333333,482.2752427009106,232589.40972222225,0.37180437206618594,-1.0157668989710467,132.2,227.80000000000007,546.6,629.0,711.5,731.6,736.0,1320.0000000000005,1466.0,0.0,0,0,0.0,0.0,0.0,0.0,0.0,0.0,0.0,0.0,0.0,0.0,0.0,0.0,0.0,0.0,731.5833333333334,1466,90,367.5833333333333,482.2752427009106,232589.40972222225,0.37180437206618594,-1.0157668989710467,132.2,227.80000000000007,546.6,629.0,711.5,731.6,736.0,1320.0000000000005,1466.0,TCP,"('192.168.137.162', '183.2.150.90', 52333, 27101, 'TCP')",Youtube22.pcap
1065,0,1065,1.0,0.0,1547407,0,4.305483102798462,-1,-54,-107,-160,-214,-267,-320,-373,-427,-480,-533,-586,-640,-693,-746,-799,-853,-906,-959,-1012,213.0,947,0,6.0,369.47097314944784,0.0040465066755624645,3.2296340465545654,3.814697265625e-06,0.09986942319934093,3.663794469833374,3.7251962661743163,3.7610353946685793,3.789501094818115,3.815777063369751,3.8379390716552733,3.8622490882873537,3.8716469764709474,4.291806030273437,0.0040465066755624645,3.2296340465545654,3.814697265625e-06,0.09986942319934093,3.663794469833374,3.7251962661743163,3.7610353946685793,3.789501094818115,3.815777063369751,3.8379390716552733,3.8622490882873537,3.8716469764709474,4.291806030273437,0.0,0.0,0.0,0.0,0.0,0.0,0.0,0.0,0.0,0.0,0.0,0.0,0.0,1452.9643192488263,1466,114,13.03568075117371,109.9647943838359,12092.256003879305,-9.332055039416801,90.97502396430276,1466.0,1466.0,1466.0,1466.0,1466.0,1466.0,1466.0,1466.0,1466.0,1452.9643192488263,1466,114,13.03568075117371,109.9647943838359,12092.256003879305,-9.332055039416801,90.97502396430276,1466.0,1466.0,1466.0,1466.0,1466.0,1466.0,1466.0,1466.0,1466.0,0.0,0,0,0.0,0.0,0.0,0.0,0.0,0.0,0.0,0.0,0.0,0.0,0.0,0.0,0.0,0.0,TCP,"('183.2.150.90', '192.168.137.162', 27101, 52333, 'TCP')",Youtube22.pcap
0,6,6,0.0,1.0,0,2350,10.216055870056152,1,1,1,1,2,2,2,3,3,3,4,4,4,4,5,5,5,6,6,6,0.5454545454545454,5,0,0.0,1.4373989364401727,2.0432111740112306,9.965631008148193,0.0558018684387207,3.96121519825378,0.03124701976776123,0.06249403953552246,0.09039497375488281,0.11829590797424316,0.1554960012435913,0.19269609451293945,0.22156047821044922,0.250424861907959,5.233240365982056,0.0,0.0,0.0,0.0,0.0,0.0,0.0,0.0,0.0,0.0,0.0,0.0,0.0,2.0432111740112306,9.965631008148193,0.0558018684387207,3.96121519825378,0.03124701976776123,0.06249403953552246,0.09039497375488281,0.11829590797424316,0.1554960012435913,0.19269609451293945,0.22156047821044922,0.250424861907959,5.233240365982056,391.6666666666667,725,90,267.6666666666667,271.4471505754952,73683.55555555556,0.05390200256015721,-1.8962195377732884,110.0,130.0,141.0,152.0,367.5,583.0,626.5,670.0,697.5,0.0,0,0,0.0,0.0,0.0,0.0,0.0,0.0,0.0,0.0,0.0,0.0,0.0,0.0,0.0,0.0,391.6666666666667,725,90,267.6666666666667,271.4471505754952,73683.55555555556,0.05390200256015721,-1.8962195377732884,110.0,130.0,141.0,152.0,367.5,583.0,626.5,670.0,697.5,TCP,"('192.168.137.162', '183.2.150.90', 52335, 27101, 'TCP')",Youtube22.pcap
7,0,7,1.0,0.0,6663,0,10.217156887054443,-1,-1,-1,-2,-2,-2,-3,-3,-3,-4,-4,-4,-5,-5,-5,-6,-6,-6,-7,-7,0.6363636363636364,6,0,0.0,1.7200807207658635,1.7028594811757405,9.966936826705933,1.1920928955078125e-05,3.6962274760668055,0.07781038284301758,0.1298515796661377,0.1303544044494629,0.13052678108215332,0.13053393363952637,0.13054723739624025,0.15448889732360832,0.22628726959228523,4.236994791030887,1.7028594811757405,9.966936826705933,1.1920928955078125e-05,3.6962274760668055,0.07781038284301758,0.1298515796661377,0.1303544044494629,0.13052678108215332,0.13053393363952637,0.13054723739624025,0.15448889732360832,0.22628726959228523,4.236994791030887,0.0,0.0,0.0,0.0,0.0,0.0,0.0,0.0,0.0,0.0,0.0,0.0,0.0,951.8571428571429,1466,90,388.85714285714283,484.08246893963627,234335.8367346939,-0.6124141910358923,-1.0034127900478227,297.0,521.6000000000001,781.3999999999999,982.8000000000001,1155.0,1171.8,1239.6,1409.4,1466.0,951.8571428571429,1466,90,388.85714285714283,484.08246893963627,234335.8367346939,-0.6124141910358923,-1.0034127900478227,297.0,521.6000000000001,781.3999999999999,982.8000000000001,1155.0,1171.8,1239.6,1409.4,1466.0,0.0,0,0,0.0,0.0,0.0,0.0,0.0,0.0,0.0,0.0,0.0,0.0,0.0,0.0,0.0,0.0,TCP,"('183.2.150.90', '192.168.137.162', 27101, 52335, 'TCP')",Youtube22.pcap
0,6,6,0.0,1.0,0,2350,6.710430860519409,1,1,1,1,2,2,2,3,3,3,4,4,4,4,5,5,5,6,6,6,0.8571428571428571,5,0,0.0,1.7261494247992246,1.342086172103882,6.426735877990723,0.05537605285644531,2.542343543367054,0.03930842876434326,0.07861685752868652,0.10630488395690918,0.13399291038513184,0.1756523847579956,0.21731185913085938,0.25050342082977295,0.2836949825286865,3.497062921524048,0.0,0.0,0.0,0.0,0.0,0.0,0.0,0.0,0.0,0.0,0.0,0.0,0.0,1.342086172103882,6.426735877990723,0.05537605285644531,2.542343543367054,0.03930842876434326,0.07861685752868652,0.10630488395690918,0.13399291038513184,0.1756523847579956,0.21731185913085938,0.25050342082977295,0.2836949825286865,3.497062921524048,391.6666666666667,725,90,267.6666666666667,271.4471505754952,73683.55555555556,0.05390200256015721,-1.8962195377732884,110.0,130.0,141.0,152.0,367.5,583.0,626.5,670.0,697.5,0.0,0,0,0.0,0.0,0.0,0.0,0.0,0.0,0.0,0.0,0.0,0.0,0.0,0.0,0.0,0.0,391.6666666666667,725,90,267.6666666666667,271.4471505754952,73683.55555555556,0.05390200256015721,-1.8962195377732884,110.0,130.0,141.0,152.0,367.5,583.0,626.5,670.0,697.5,TCP,"('192.168.137.162', '183.2.150.90', 52337, 27101, 'TCP')",Youtube22.pcap
7,0,7,1.0,0.0,6664,0,6.705932140350342,-1,-1,-1,-2,-2,-2,-3,-3,-3,-4,-4,-4,-5,-5,-5,-6,-6,-6,-7,-7,1.0,6,0,0.0,2.0701966780270626,1.117655356725057,6.426223039627075,5.0067901611328125e-06,2.374887513169416,0.08518266677856447,0.1419726848602295,0.1419774055480957,0.14198098182678223,0.1419839859008789,0.14198698997497558,0.16953301429748524,0.2521650791168214,2.850198316574099,1.117655356725057,6.426223039627075,5.0067901611328125e-06,2.374887513169416,0.08518266677856447,0.1419726848602295,0.1419774055480957,0.14198098182678223,0.1419839859008789,0.14198698997497558,0.16953301429748524,0.2521650791168214,2.850198316574099,0.0,0.0,0.0,0.0,0.0,0.0,0.0,0.0,0.0,0.0,0.0,0.0,0.0,952.0,1466,90,418.7142857142857,498.0783070963842,248082.0,-0.5429547487391959,-1.1931370857703947,297.0,498.00000000000006,687.0,923.2000000000002,1183.0,1237.6,1312.3999999999999,1427.6000000000001,1466.0,952.0,1466,90,418.7142857142857,498.0783070963842,248082.0,-0.5429547487391959,-1.1931370857703947,297.0,498.00000000000006,687.0,923.2000000000002,1183.0,1237.6,1312.3999999999999,1427.6000000000001,1466.0,0.0,0,0,0.0,0.0,0.0,0.0,0.0,0.0,0.0,0.0,0.0,0.0,0.0,0.0,0.0,0.0,TCP,"('183.2.150.90', '192.168.137.162', 27101, 52337, 'TCP')",Youtube22.pcap
0,9,9,0.0,1.0,0,3264,5.861930847167969,1,1,1,2,2,3,3,4,4,5,5,5,6,6,7,7,8,8,9,9,1.5,8,0,0.0,2.9297326385411577,0.7327413558959961,5.287884950637817,0.05630302429199219,1.7219112627378594,0.059889602661132815,0.10864381790161133,0.19010143280029296,0.2900426387786865,0.33618903160095215,0.38493933677673337,0.444136381149292,0.5149039745330811,1.6316228866577158,0.0,0.0,0.0,0.0,0.0,0.0,0.0,0.0,0.0,0.0,0.0,0.0,0.0,0.7327413558959961,5.287884950637817,0.05630302429199219,1.7219112627378594,0.059889602661132815,0.10864381790161133,0.19010143280029296,0.2900426387786865,0.33618903160095215,0.38493933677673337,0.444136381149292,0.5149039745330811,1.6316228866577158,362.6666666666667,1234,90,246.22222222222223,375.77475522800444,141206.66666666666,1.3174634953197062,0.41595453612952005,113.2,121.4,124.6,127.6,130.0,147.6,410.59999999999985,632.2,811.6000000000001,0.0,0,0,0.0,0.0,0.0,0.0,0.0,0.0,0.0,0.0,0.0,0.0,0.0,0.0,0.0,0.0,362.6666666666667,1234,90,246.22222222222223,375.77475522800444,141206.66666666666,1.3174634953197062,0.41595453612952005,113.2,121.4,124.6,127.6,130.0,147.6,410.59999999999985,632.2,811.6000000000001,TCP,"('192.168.137.162', '183.2.150.90', 52339, 27101, 'TCP')",Youtube22.pcap
11,0,11,1.0,0.0,5836,0,5.859302997589111,-1,-1,-2,-2,-3,-3,-4,-4,-5,-5,-6,-7,-7,-8,-8,-9,-9,-10,-10,-11,1.8333333333333333,10,0,0.0,3.6704525909242065,0.5859302997589111,5.445496082305908,1.6927719116210938e-05,1.6212009891091097,0.1949770450592041,0.19501805305480957,0.19504404067993164,0.33234405517578125,0.33293700218200684,0.40876293182373047,0.4088120460510254,0.4137899875640869,0.4138069152832031,0.5859302997589111,5.445496082305908,1.6927719116210938e-05,1.6212009891091097,0.1949770450592041,0.19501805305480957,0.19504404067993164,0.33234405517578125,0.33293700218200684,0.40876293182373047,0.4088120460510254,0.4137899875640869,0.4138069152832031,0.0,0.0,0.0,0.0,0.0,0.0,0.0,0.0,0.0,0.0,0.0,0.0,0.0,530.5454545454545,1466,90,391.3636363636364,487.6480406709822,237800.61157024791,0.7961366478505679,-0.9345465792955814,119.0,119.0,127.0,161.0,299.0,435.0,702.0,1044.0,1274.0,530.5454545454545,1466,90,391.3636363636364,487.6480406709822,237800.61157024791,0.7961366478505679,-0.9345465792955814,119.0,119.0,127.0,161.0,299.0,435.0,702.0,1044.0,1274.0,0.0,0,0,0.0,0.0,0.0,0.0,0.0,0.0,0.0,0.0,0.0,0.0,0.0,0.0,0.0,0.0,TCP,"('183.2.150.90', '192.168.137.162', 27101, 52339, 'TCP')",Youtube22.pcap
0,6,6,0.0,1.0,0,2060,5.78301477432251,1,1,1,1,2,2,2,3,3,3,4,4,4,4,5,5,5,6,6,6,1.0,5,0,0.0,1.8257418583505538,1.156602954864502,5.443414926528931,0.057205915451049805,2.1435491152778527,0.052863478660583496,0.10572695732116699,0.13471293449401855,0.16369891166687012,0.2230464220046997,0.2823939323425293,0.3109968900680542,0.3395998477935791,3.0613073110580444,0.0,0.0,0.0,0.0,0.0,0.0,0.0,0.0,0.0,0.0,0.0,0.0,0.0,1.156602954864502,5.443414926528931,0.057205915451049805,2.1435491152778527,0.052863478660583496,0.10572695732116699,0.13471293449401855,0.16369891166687012,0.2230464220046997,0.2823939323425293,0.3109968900680542,0.3395998477935791,3.0613073110580444,343.3333333333333,707,90,219.33333333333334,237.69004092631974,56496.555555555555,0.3605990946823153,-1.5207428519590163,110.0,130.0,141.0,152.0,275.0,398.0,490.5,583.0,645.0,0.0,0,0,0.0,0.0,0.0,0.0,0.0,0.0,0.0,0.0,0.0,0.0,0.0,0.0,0.0,0.0,343.3333333333333,707,90,219.33333333333334,237.69004092631974,56496.555555555555,0.3605990946823153,-1.5207428519590163,110.0,130.0,141.0,152.0,275.0,398.0,490.5,583.0,645.0,TCP,"('192.168.137.162', '183.2.150.90', 52341, 27101, 'TCP')",Youtube22.pcap
0,12,12,0.0,1.0,0,3077,5.7420408725738525,1,1,2,2,3,4,4,5,5,6,7,7,8,8,9,10,10,11,11,12,2.0,7,0,0.5,2.6457513110645907,0.5220037156885321,2.886969804763794,0.05509185791015625,0.8975072557333676,0.07854499816894532,0.15647220611572268,0.2805211782455444,0.3437563419342041,0.404371976852417,1.5307813167572015,2.4137820959091183,2.7013276100158694,2.845273661613464,0.0,0.0,0.0,0.0,0.0,0.0,0.0,0.0,0.0,0.0,0.0,0.0,0.0,0.5220037156885321,2.886969804763794,0.05509185791015625,0.8975072557333676,0.07854499816894532,0.15647220611572268,0.2805211782455444,0.3437563419342041,0.404371976852417,1.5307813167572015,2.4137820959091183,2.7013276100158694,2.845273661613464,256.4166666666667,717,90,132.25,194.1371758719992,37689.243055555555,1.3719319422973626,0.4532189067146226,119.8,127.0,127.9,138.8,181.5,211.0,211.0,361.40000000000015,564.6,0.0,0,0,0.0,0.0,0.0,0.0,0.0,0.0,0.0,0.0,0.0,0.0,0.0,0.0,0.0,0.0,256.4166666666667,717,90,132.25,194.1371758719992,37689.243055555555,1.3719319422973626,0.4532189067146226,119.8,127.0,127.9,138.8,181.5,211.0,211.0,361.40000000000015,564.6,TCP,"('192.168.137.162', '183.2.150.90', 52343, 27101, 'TCP')",Youtube22.pcap
9,0,9,1.0,0.0,8939,0,5.753000020980835,-1,-1,-1,-2,-2,-3,-3,-4,-4,-5,-5,-5,-6,-6,-7,-7,-8,-8,-9,-9,1.5,8,0,0.0,2.9297326385411577,0.7191250026226044,5.445982217788696,5.9604644775390625e-06,1.7877751631779695,0.13648872375488283,0.1706223487854004,0.17063236236572266,0.19777674674987794,0.30633997917175293,0.30634474754333496,0.3067454814910889,0.30701422691345215,1.3962142467498788,0.7191250026226044,5.445982217788696,5.9604644775390625e-06,1.7877751631779695,0.13648872375488283,0.1706223487854004,0.17063236236572266,0.19777674674987794,0.30633997917175293,0.30634474754333496,0.3067454814910889,0.30701422691345215,1.3962142467498788,0.0,0.0,0.0,0.0,0.0,0.0,0.0,0.0,0.0,0.0,0.0,0.0,0.0,993.2222222222222,1466,90,472.77777777777777,573.5966019149653,329013.0617283951,-0.5795258645877994,-1.4393878768541997,137.2,320.6,635.0,1041.2,1466.0,1466.0,1466.0,1466.0,1466.0,993.2222222222222,1466,90,472.77777777777777,573.5966019149653,329013.0617283951,-0.5795258645877994,-1.4393878768541997,137.2,320.6,635.0,1041.2,1466.0,1466.0,1466.0,1466.0,1466.0,0.0,0,0,0.0,0.0,0.0,0.0,0.0,0.0,0.0,0.0,0.0,0.0,0.0,0.0,0.0,0.0,TCP,"('183.2.150.90', '192.168.137.162', 27101, 52341, 'TCP')",Youtube22.pcap
18,0,18,1.0,0.0,18688,0,5.7408599853515625,-1,-1,-2,-3,-4,-5,-6,-7,-8,-9,-10,-10,-11,-12,-13,-14,-15,-16,-17,-18,3.0,12,0,0.5,4.396968652757639,0.33769764619715076,2.9455151557922363,5.9604644775390625e-06,0.8700817739400126,0.1864475727081299,0.18694453239440917,0.18771781921386718,0.2490512371063233,0.319551944732666,0.3204052448272705,2.5433247566223107,2.790969705581665,2.7926918983459474,0.33769764619715076,2.9455151557922363,5.9604644775390625e-06,0.8700817739400126,0.1864475727081299,0.18694453239440917,0.18771781921386718,0.2490512371063233,0.319551944732666,0.3204052448272705,2.5433247566223107,2.790969705581665,2.7926918983459474,0.0,0.0,0.0,0.0,0.0,0.0,0.0,0.0,0.0,0.0,0.0,0.0,0.0,1038.2222222222222,1466,90,427.77777777777777,531.4183908869164,282405.5061728395,-0.7153515664054367,-1.1059747723079325,124.6,516.6000000000001,715.4,1031.2000000000003,1466.0,1466.0,1466.0,1466.0,1466.0,1038.2222222222222,1466,90,427.77777777777777,531.4183908869164,282405.5061728395,-0.7153515664054367,-1.1059747723079325,124.6,516.6000000000001,715.4,1031.2000000000003,1466.0,1466.0,1466.0,1466.0,1466.0,0.0,0,0,0.0,0.0,0.0,0.0,0.0,0.0,0.0,0.0,0.0,0.0,0.0,0.0,0.0,0.0,TCP,"('183.2.150.90', '192.168.137.162', 27101, 52343, 'TCP')",Youtube22.pcap
0,11,11,0.0,1.0,0,7622,5.415499925613403,1,1,2,2,3,3,4,4,5,5,6,7,7,8,8,9,9,10,10,11,1.8333333333333333,7,0,0.5,2.544056253745625,0.5415499925613403,3.826612949371338,0.0,1.162513816244418,0.06956005096435547,0.12679004669189453,0.19371604919433594,0.19508814811706543,0.19508814811706543,0.25157809257507324,4.078191041946411,4.078191041946411,4.078191041946411,0.0,0.0,0.0,0.0,0.0,0.0,0.0,0.0,0.0,0.0,0.0,0.0,0.0,0.5415499925613403,3.826612949371338,0.0,1.162513816244418,0.06956005096435547,0.12679004669189453,0.19371604919433594,0.19508814811706543,0.19508814811706543,0.25157809257507324,4.078191041946411,4.078191041946411,4.078191041946411,692.9090909090909,1466,90,395.3636363636364,485.2728294560334,235489.71900826448,0.3586722025342186,-1.1604982689926462,130.0,152.0,319.0,583.0,725.0,736.0,748.0,1207.0,1466.0,0.0,0,0,0.0,0.0,0.0,0.0,0.0,0.0,0.0,0.0,0.0,0.0,0.0,0.0,0.0,0.0,692.9090909090909,1466,90,395.3636363636364,485.2728294560334,235489.71900826448,0.3586722025342186,-1.1604982689926462,130.0,152.0,319.0,583.0,725.0,736.0,748.0,1207.0,1466.0,TCP,"('192.168.137.162', '183.2.150.90', 52345, 27101, 'TCP')",Youtube22.pcap
2155,0,2155,1.0,0.0,3089862,0,5.417020082473755,-1,-108,-216,-324,-432,-539,-647,-755,-863,-970,-1078,-1186,-1294,-1401,-1509,-1617,-1725,-1832,-1940,-2048,359.1666666666667,1222,0,0.5,514.4422276170138,0.0025148654050481684,3.432133913040161,3.814697265625e-06,0.07529024684408894,0.48680973052978516,0.55478515625,0.5977411270141602,0.6419650554656983,4.105787992477417,4.130380392074585,4.161729383468628,4.190510272979736,4.283996820449829,0.0025148654050481684,3.432133913040161,3.814697265625e-06,0.07529024684408894,0.48680973052978516,0.55478515625,0.5977411270141602,0.6419650554656983,4.105787992477417,4.130380392074585,4.161729383468628,4.190510272979736,4.283996820449829,0.0,0.0,0.0,0.0,0.0,0.0,0.0,0.0,0.0,0.0,0.0,0.0,0.0,1433.8106728538282,1466,70,32.18932714617169,169.1875807294884,28624.437473097154,-6.048963941065188,38.47950782087508,1466.0,1466.0,1466.0,1466.0,1466.0,1466.0,1466.0,1466.0,1466.0,1433.8106728538282,1466,70,32.18932714617169,169.1875807294884,28624.437473097154,-6.048963941065188,38.47950782087508,1466.0,1466.0,1466.0,1466.0,1466.0,1466.0,1466.0,1466.0,1466.0,0.0,0,0,0.0,0.0,0.0,0.0,0.0,0.0,0.0,0.0,0.0,0.0,0.0,0.0,0.0,0.0,TCP,"('183.2.150.90', '192.168.137.162', 27101, 52345, 'TCP')",Youtube22.pcap
0,8,8,0.0,1.0,0,3150,5.3236048221588135,1,1,1,2,2,3,3,3,4,4,5,5,5,6,6,7,7,7,8,8,1.3333333333333333,7,0,0.0,2.560381915956203,0.7605149745941162,4.831827878952026,0.056585073471069336,1.6623247473874716,0.05003669261932374,0.09416298866271973,0.14130887985229493,0.23316912651062016,0.28770744800567627,0.3287015438079834,0.373157000541687,0.44686927795410164,1.9413253068923941,0.0,0.0,0.0,0.0,0.0,0.0,0.0,0.0,0.0,0.0,0.0,0.0,0.0,0.7605149745941162,4.831827878952026,0.056585073471069336,1.6623247473874716,0.05003669261932374,0.09416298866271973,0.14130887985229493,0.23316912651062016,0.28770744800567627,0.3287015438079834,0.373157000541687,0.44686927795410164,1.9413253068923941,393.75,1240,90,277.25,390.2325428510544,152281.4375,1.1441254839758768,-0.02699250054244917,110.3,122.2,127.3,129.4,141.0,238.20000000000007,539.8999999999997,658.6,868.3,0.0,0,0,0.0,0.0,0.0,0.0,0.0,0.0,0.0,0.0,0.0,0.0,0.0,0.0,0.0,0.0,393.75,1240,90,277.25,390.2325428510544,152281.4375,1.1441254839758768,-0.02699250054244917,110.3,122.2,127.3,129.4,141.0,238.20000000000007,539.8999999999997,658.6,868.3,TCP,"('192.168.137.162', '183.2.150.90', 52347, 27101, 'TCP')",Youtube22.pcap
10,0,10,1.0,0.0,5222,0,5.324950933456421,-1,-1,-2,-2,-3,-3,-4,-4,-5,-5,-6,-6,-7,-7,-8,-8,-9,-9,-10,-10,1.6666666666666667,9,0,0.0,3.2998316455372216,0.5916612148284912,4.910261154174805,7.152557373046875e-06,1.5282556943353556,0.16616499423980713,0.1846437931060791,0.18465280532836914,0.262225866317749,0.31450438499450684,0.3533901691436767,0.4117977380752563,0.4141042232513428,0.9057158946990949,0.5916612148284912,4.910261154174805,7.152557373046875e-06,1.5282556943353556,0.16616499423980713,0.1846437931060791,0.18465280532836914,0.262225866317749,0.31450438499450684,0.3533901691436767,0.4117977380752563,0.4141042232513428,0.9057158946990949,0.0,0.0,0.0,0.0,0.0,0.0,0.0,0.0,0.0,0.0,0.0,0.0,0.0,522.2,1466,90,368.2,470.0780360748628,220973.36000000002,0.9515934736776169,-0.4851055226711183,116.1,119.0,124.6,239.8,375.0,490.99999999999994,613.1,816.4000000000001,1293.1999999999998,522.2,1466,90,368.2,470.0780360748628,220973.36000000002,0.9515934736776169,-0.4851055226711183,116.1,119.0,124.6,239.8,375.0,490.99999999999994,613.1,816.4000000000001,1293.1999999999998,0.0,0,0,0.0,0.0,0.0,0.0,0.0,0.0,0.0,0.0,0.0,0.0,0.0,0.0,0.0,0.0,TCP,"('183.2.150.90', '192.168.137.162', 27101, 52347, 'TCP')",Youtube22.pcap
0,8,8,0.0,1.0,0,3165,4.63620400428772,1,1,1,2,2,3,3,3,4,4,5,5,5,6,6,7,7,7,8,8,1.6,7,0,0.0,2.7276363393971716,0.6623148577553886,4.1980438232421875,0.053648948669433594,1.4437700740751598,0.0488278865814209,0.09243688583374024,0.14094333648681642,0.24231948852539067,0.2981085777282715,0.33681445121765136,0.37839934825897215,0.41663212776184083,1.6975733280181877,0.0,0.0,0.0,0.0,0.0,0.0,0.0,0.0,0.0,0.0,0.0,0.0,0.0,0.6623148577553886,4.1980438232421875,0.053648948669433594,1.4437700740751598,0.0488278865814209,0.09243688583374024,0.14094333648681642,0.24231948852539067,0.2981085777282715,0.33681445121765136,0.37839934825897215,0.41663212776184083,1.6975733280181877,395.625,1245,90,279.125,392.60601673306024,154139.484375,1.1378487234760752,-0.04885902027045752,110.3,122.2,127.3,129.4,141.0,238.20000000000007,539.8999999999997,664.6,876.8,0.0,0,0,0.0,0.0,0.0,0.0,0.0,0.0,0.0,0.0,0.0,0.0,0.0,0.0,0.0,0.0,395.625,1245,90,279.125,392.60601673306024,154139.484375,1.1378487234760752,-0.04885902027045752,110.3,122.2,127.3,129.4,141.0,238.20000000000007,539.8999999999997,664.6,876.8,TCP,"('192.168.137.162', '183.2.150.90', 52349, 27101, 'TCP')",Youtube22.pcap
9,0,9,1.0,0.0,5467,0,4.636275053024292,-1,-1,-1,-2,-2,-3,-3,-4,-4,-5,-5,-5,-6,-6,-7,-7,-8,-8,-9,-9,1.8,8,0,0.0,3.124099870362662,0.5795343816280365,4.266777038574219,1.2874603271484375e-05,1.3949064357538483,0.15230159759521486,0.1904064655303955,0.19043126106262206,0.20660982131958008,0.27129316329956055,0.31748037338256835,0.3521768569946289,0.3683651924133301,1.2228534221649179,0.5795343816280365,4.266777038574219,1.2874603271484375e-05,1.3949064357538483,0.15230159759521486,0.1904064655303955,0.19043126106262206,0.20660982131958008,0.27129316329956055,0.31748037338256835,0.3521768569946289,0.3683651924133301,1.2228534221649179,0.0,0.0,0.0,0.0,0.0,0.0,0.0,0.0,0.0,0.0,0.0,0.0,0.0,607.4444444444445,1466,90,398.6666666666667,504.3883228693083,254407.58024691357,0.7791268950731893,-0.8349767759634572,113.2,142.4,236.79999999999998,371.0,435.0,627.8,691.6,1007.6000000000003,1466.0,607.4444444444445,1466,90,398.6666666666667,504.3883228693083,254407.58024691357,0.7791268950731893,-0.8349767759634572,113.2,142.4,236.79999999999998,371.0,435.0,627.8,691.6,1007.6000000000003,1466.0,0.0,0,0,0.0,0.0,0.0,0.0,0.0,0.0,0.0,0.0,0.0,0.0,0.0,0.0,0.0,0.0,TCP,"('183.2.150.90', '192.168.137.162', 27101, 52349, 'TCP')",Youtube22.pcap
0,5,5,0.0,1.0,0,1748,0.4506869316101074,1,1,1,1,2,2,2,2,3,3,3,3,4,4,4,4,5,5,5,5,5.0,5,5,5.0,0.0,0.11267173290252686,0.17148804664611816,0.018359899520874023,0.06147071762654018,0.06859521865844727,0.13719043731689454,0.17516002655029297,0.18250398635864257,0.1898479461669922,0.22896032333374022,0.26807270050048826,0.32024049758911133,0.3854637145996094,0.0,0.0,0.0,0.0,0.0,0.0,0.0,0.0,0.0,0.0,0.0,0.0,0.0,0.11267173290252686,0.17148804664611816,0.018359899520874023,0.06147071762654018,0.06859521865844727,0.13719043731689454,0.17516002655029297,0.18250398635864257,0.1898479461669922,0.22896032333374022,0.26807270050048826,0.32024049758911133,0.3854637145996094,349.6,833,97,242.8,303.31871027023703,92002.24,0.6043971433136934,-1.4039469421514037,100.2,103.4,110.0,120.0,130.0,311.19999999999993,492.3999999999999,633.0,733.0,0.0,0,0,0.0,0.0,0.0,0.0,0.0,0.0,0.0,0.0,0.0,0.0,0.0,0.0,0.0,0.0,349.6,833,97,242.8,303.31871027023703,92002.24,0.6043971433136934,-1.4039469421514037,100.2,103.4,110.0,120.0,130.0,311.19999999999993,492.3999999999999,633.0,733.0,TCP,"('192.168.137.162', '203.208.50.33', 52351, 443, 'TCP')",Youtube22.pcap
8,0,8,1.0,0.0,5246,0,0.30469703674316406,-1,-1,-1,-2,-2,-3,-3,-3,-4,-4,-5,-5,-5,-6,-6,-7,-7,-7,-8,-8,8.0,8,8,8.0,0.0,0.043528148106166294,0.13639092445373535,0.00015401840209960938,0.04797781324407961,0.00010781288146972657,0.0008831977844238284,0.015616059303283704,0.11108970642089847,0.14784789085388184,0.17452149391174318,0.23469910621643061,0.24742207527160645,0.2665301084518433,0.043528148106166294,0.13639092445373535,0.00015401840209960938,0.04797781324407961,0.00010781288146972657,0.0008831977844238284,0.015616059303283704,0.11108970642089847,0.14784789085388184,0.17452149391174318,0.23469910621643061,0.24742207527160645,0.2665301084518433,0.0,0.0,0.0,0.0,0.0,0.0,0.0,0.0,0.0,0.0,0.0,0.0,0.0,655.75,1466,97,417.0,519.3122254482365,269685.1875,0.5273016669963653,-1.1324597437111603,124.3,136.0,181.00000000000006,496.0000000000001,633.0,681.6,687.2,1149.4000000000005,1459.7,655.75,1466,97,417.0,519.3122254482365,269685.1875,0.5273016669963653,-1.1324597437111603,124.3,136.0,181.00000000000006,496.0000000000001,633.0,681.6,687.2,1149.4000000000005,1459.7,0.0,0,0,0.0,0.0,0.0,0.0,0.0,0.0,0.0,0.0,0.0,0.0,0.0,0.0,0.0,0.0,TCP,"('203.208.50.33', '192.168.137.162', 443, 52351, 'TCP')",Youtube22.pcap
